Rule Names
['remove_ternary', 'remove_empty_if', 'normalize_iteration_step', 'collapse_2_for_loops', 'inlining', 'remove_block', 'remove_useless_statement', 'subs_struct_by_fields', 'roll_up_array_init', 'roll_up_array', 'move_inside_for_pre', 'move_inside_for_post', 'move_enclosing_if_inside_for', 'if_2_assign_ternary', 'for_loop_fusion', 'contiguous_same_if', 'divide_if']

Abst.-State mappings
{'1110011102000401210103300': 15, '111000110100030156102200': 21, '1110021102000401211103300': 13, '111000110200040158003300': 19, '1110031102000401212003300': 12, '1110011102000401410003500': 10, '110000110112003008002330': 3, '111000110512004039003620': 7, '11000011009002006000330': 1, '110000110112003007003430': 4, '1110021102000401211003400': 11, '111000110200040159003600': 9, '110000110215004009003630': 6, '1100001102150040010003430': 5, '1110011102000401410003300': 16, '111000110200040149103300': 17, '111000110100030155102200': 22, '111000110200040159003300': 18, '1110021102000401211003300': 14, '11100011059004069003610': 8, '11000011009002005002330': 2, '-11000010000000001000030': 0, '111000110100030157102200': 20}

Init. States
[0]

Final States
[22]

Transition Table
[0, 0, 0, 0, 1, 0, 0, 0, 0, 0, 0, 0, 0, 0, 0, 0, 0]
[1, 1, 1, 1, 1, 2, 1, 1, 1, 1, 1, 1, 1, 1, 1, 1, 1]
[2, 2, 2, 2, 3, 2, 2, 2, 2, 2, 2, 2, 2, 2, 2, 2, 2]
[3, 3, 3, 3, 3, 4, 3, 3, 3, 3, 3, 3, 3, 3, 3, 3, 3]
[4, 4, 4, 4, 5, 4, 4, 4, 4, 4, 4, 4, 4, 4, 4, 4, 4]
[5, 5, 5, 5, 5, 6, 5, 5, 5, 5, 5, 5, 5, 5, 5, 5, 5]
[6, 6, 6, 6, 6, 6, 6, 7, 6, 6, 6, 6, 6, 6, 6, 6, 6]
[7, 7, 7, 7, 7, 7, 7, 8, 7, 7, 7, 7, 7, 7, 7, 7, 7]
[8, 8, 8, 8, 8, 8, 8, 9, 8, 8, 8, 8, 8, 8, 8, 8, 8]
[9, 9, 9, 9, 9, 9, 9, 9, 9, 9, 10, 9, 9, 9, 9, 9, 9]
[10, 10, 10, 10, 10, 10, 10, 10, 10, 10, 11, 10, 10, 10, 10, 10, 10]
[11, 11, 11, 11, 11, 11, 11, 11, 11, 11, 12, 11, 11, 11, 11, 11, 11]
[12, 12, 12, 12, 12, 12, 12, 12, 12, 12, 12, 12, 12, 13, 12, 12, 12]
[14, 13, 13, 13, 13, 13, 13, 13, 13, 13, 13, 13, 13, 13, 13, 13, 13]
[14, 14, 14, 14, 14, 14, 14, 14, 14, 14, 14, 14, 14, 15, 14, 14, 14]
[16, 15, 15, 15, 15, 15, 15, 15, 15, 15, 15, 15, 15, 15, 15, 15, 15]
[16, 16, 16, 16, 16, 16, 16, 16, 16, 16, 16, 16, 16, 17, 16, 16, 16]
[18, 17, 17, 17, 17, 17, 17, 17, 17, 17, 17, 17, 17, 17, 17, 17, 17]
[18, 18, 18, 18, 18, 19, 18, 18, 18, 18, 18, 18, 18, 18, 18, 18, 18]
[19, 19, 19, 19, 19, 19, 19, 19, 19, 19, 19, 19, 19, 19, 20, 19, 19]
[20, 20, 20, 20, 20, 21, 20, 20, 20, 20, 20, 20, 20, 20, 20, 20, 20]
[21, 21, 21, 21, 21, 22, 21, 21, 21, 21, 21, 21, 21, 21, 21, 21, 21]
[22, 22, 22, 22, 22, 22, 22, 22, 22, 22, 22, 22, 22, 22, 22, 22, 22]
