Rule Names
['normalize_iteration_step', 'collapse_2_for_loops', 'inlining', 'remove_block', 'remove_useless_statement', 'subs_struct_by_fields', 'roll_up_array_init', 'roll_up_array', 'move_inside_for_pre', 'move_inside_for_post', 'move_enclosing_if_inside_for', 'if_2_assign_ternary', 'for_loop_fusion', 'feat_move_inside_for_pre', 'feat_move_inside_for_post']

Abst.-State mappings
{'311000110400090141410940': 19, '211000110300070201200660': 10, '311000110300070181210430': 15, '21100011093006001200343': 5, '2110001108300500900343': 4, '311000110300080151310730': 18, '2100001101300200500232': 2, '311000110300080161310830': 17, '211000110300060211100360': 9, '21100011093006061100362': 7, '21100011083005001000233': 3, '311001110300070181300430': 14, '311000110300080171310930': 16, '211000110300070181200440': 12, '21100011093006001100363': 6, '-1100001000000000100000': 0, '2100001101300200600032': 1, '311001110300070181300330': 13, '311000110400090121410540': 21, '211000110300070191200550': 11, '211000110630060121100361': 8, '311000110400090131410740': 20}

Init. States
[0]

Final States
[21]

Transition Table
[0, 0, 1, 0, 0, 0, 0, 0, 0, 0, 0, 0, 0, 0, 0]
[1, 1, 1, 2, 1, 1, 1, 1, 1, 1, 1, 1, 1, 1, 1]
[2, 2, 3, 2, 2, 2, 2, 2, 2, 2, 2, 2, 2, 2, 2]
[3, 3, 3, 4, 3, 3, 3, 3, 3, 3, 3, 3, 3, 3, 3]
[4, 4, 5, 4, 4, 4, 4, 4, 4, 4, 4, 4, 4, 4, 4]
[5, 5, 5, 6, 5, 5, 5, 5, 5, 5, 5, 5, 5, 5, 5]
[6, 6, 6, 6, 6, 7, 6, 6, 6, 6, 6, 6, 6, 6, 6]
[7, 7, 7, 7, 7, 8, 7, 7, 7, 7, 7, 7, 7, 7, 7]
[8, 8, 8, 8, 8, 9, 8, 8, 8, 8, 8, 8, 8, 8, 8]
[9, 9, 9, 9, 9, 9, 10, 9, 9, 9, 9, 9, 9, 9, 9]
[10, 10, 10, 10, 10, 10, 10, 11, 10, 10, 10, 10, 10, 10, 10]
[11, 11, 11, 11, 11, 11, 11, 12, 11, 11, 11, 11, 11, 11, 11]
[12, 12, 12, 12, 12, 12, 12, 12, 13, 12, 12, 12, 12, 12, 12]
[13, 13, 13, 13, 13, 13, 13, 13, 13, 13, 14, 13, 13, 13, 13]
[14, 14, 14, 14, 14, 14, 14, 14, 14, 14, 14, 15, 14, 14, 14]
[15, 15, 15, 15, 15, 15, 16, 15, 15, 15, 15, 15, 15, 15, 15]
[16, 16, 16, 16, 16, 16, 16, 17, 16, 16, 16, 16, 16, 16, 16]
[17, 17, 17, 17, 17, 17, 17, 18, 17, 17, 17, 17, 17, 17, 17]
[18, 18, 18, 18, 18, 18, 19, 18, 18, 18, 18, 18, 18, 18, 18]
[19, 19, 19, 19, 19, 19, 19, 20, 19, 19, 19, 19, 19, 19, 19]
[20, 20, 20, 20, 20, 20, 20, 21, 20, 20, 20, 20, 20, 20, 20]
[21, 21, 21, 21, 21, 21, 21, 21, 21, 21, 21, 21, 21, 21, 21]
