Rule Names
['remove_ternary', 'remove_empty_if', 'normalize_iteration_step', 'collapse_2_for_loops', 'inlining', 'remove_block', 'remove_useless_statement', 'subs_struct_by_fields', 'roll_up_array_init', 'roll_up_array', 'move_inside_for_pre', 'move_inside_for_post', 'move_enclosing_if_inside_for', 'if_2_assign_ternary', 'for_loop_fusion', 'contiguous_same_if', 'divide_if']

Abst.-State mappings
{'111000110200030155104600': 13, '111000110200030156104600': 12, '111000110200030158101600': 10, '1110011102000401510003600': 20, '111000110200030157102600': 11, '111001110200030159101600': 21, '1100011102150040010003630': 17, '111000110512004039003620': 7, '13000011009002006000330': 1, '111000110200040159003600': 9, '1100011102150040011003630': 16, '110000110215004009003630': 6, '1100001102150040010003430': 5, '111001110200030156104600': 24, '111001110200030155104600': 25, '111001110200030158102600': 22, '-13000010000000001000030': 0, '111001110590040610003610': 19, '120000110112003008002330': 3, '11100011059004069003610': 8, '120000110112003007003430': 4, '1110011105120040310003620': 18, '-11000010000000001000030': 15, '111001110200030157104600': 23, '111000110200030154104600': 14, '13000011009002005002330': 2}

Init. States
[0, 15]

Final States
[14, 25]

Transition Table
[0, 0, 0, 0, 1, 0, 0, 0, 0, 0, 0, 0, 0, 0, 0, 0, 0]
[1, 1, 1, 1, 1, 2, 1, 1, 1, 1, 1, 1, 1, 1, 1, 1, 1]
[2, 2, 2, 2, 3, 2, 2, 2, 2, 2, 2, 2, 2, 2, 2, 2, 2]
[3, 3, 3, 3, 3, 4, 3, 3, 3, 3, 3, 3, 3, 3, 3, 3, 3]
[4, 4, 4, 4, 5, 4, 4, 4, 4, 4, 4, 4, 4, 4, 4, 4, 4]
[5, 5, 5, 5, 5, 6, 5, 5, 5, 5, 5, 5, 5, 5, 5, 5, 5]
[6, 6, 6, 6, 6, 6, 6, 7, 6, 6, 6, 6, 6, 6, 6, 6, 6]
[7, 7, 7, 7, 7, 7, 7, 8, 7, 7, 7, 7, 7, 7, 7, 7, 7]
[8, 8, 8, 8, 8, 8, 8, 9, 8, 8, 8, 8, 8, 8, 8, 8, 8]
[9, 9, 9, 9, 9, 9, 9, 9, 9, 9, 9, 9, 9, 9, 10, 9, 9]
[10, 10, 10, 10, 10, 11, 10, 10, 10, 10, 10, 10, 10, 10, 10, 10, 10]
[11, 11, 11, 11, 11, 12, 11, 11, 11, 11, 11, 11, 11, 11, 11, 11, 11]
[12, 12, 12, 12, 12, 13, 12, 12, 12, 12, 12, 12, 12, 12, 12, 12, 12]
[13, 13, 13, 13, 13, 14, 13, 13, 13, 13, 13, 13, 13, 13, 13, 13, 13]
[14, 14, 14, 14, 14, 14, 14, 14, 14, 14, 14, 14, 14, 14, 14, 14, 14]
[15, 15, 15, 15, 16, 15, 15, 15, 15, 15, 15, 15, 15, 15, 15, 15, 15]
[16, 16, 16, 16, 16, 17, 16, 16, 16, 16, 16, 16, 16, 16, 16, 16, 16]
[17, 17, 17, 17, 17, 17, 17, 18, 17, 17, 17, 17, 17, 17, 17, 17, 17]
[18, 18, 18, 18, 18, 18, 18, 19, 18, 18, 18, 18, 18, 18, 18, 18, 18]
[19, 19, 19, 19, 19, 19, 19, 20, 19, 19, 19, 19, 19, 19, 19, 19, 19]
[20, 20, 20, 20, 20, 20, 20, 20, 20, 20, 20, 20, 20, 20, 21, 20, 20]
[21, 21, 21, 21, 21, 22, 21, 21, 21, 21, 21, 21, 21, 21, 21, 21, 21]
[22, 22, 22, 22, 22, 23, 22, 22, 22, 22, 22, 22, 22, 22, 22, 22, 22]
[23, 23, 23, 23, 23, 24, 23, 23, 23, 23, 23, 23, 23, 23, 23, 23, 23]
[24, 24, 24, 24, 24, 25, 24, 24, 24, 24, 24, 24, 24, 24, 24, 24, 24]
[25, 25, 25, 25, 25, 25, 25, 25, 25, 25, 25, 25, 25, 25, 25, 25, 25]
